Success | LR | Epsilon | Target Update | Hidden Dim
------------------------------------------------------------
1.0000 | 0.000700 | 0.4000 | 30 | 96
1.0000 | 0.000700 | 0.4000 | 30 | 146
1.0000 | 0.000700 | 0.4000 | 30 | 196
1.0000 | 0.000700 | 0.4000 | 150 | 171
1.0000 | 0.000700 | 0.4000 | 60 | 96
1.0000 | 0.000700 | 0.4000 | 60 | 121
1.0000 | 0.000700 | 0.4000 | 150 | 96
1.0000 | 0.000700 | 0.4000 | 120 | 196
1.0000 | 0.000700 | 0.4000 | 120 | 171
1.0000 | 0.000700 | 0.4000 | 60 | 146
1.0000 | 0.000250 | 0.1000 | 30 | 146
1.0000 | 0.000250 | 0.1750 | 60 | 171
1.0000 | 0.000250 | 0.1750 | 60 | 146
1.0000 | 0.000250 | 0.1750 | 30 | 171
1.0000 | 0.000250 | 0.1750 | 30 | 146
1.0000 | 0.000700 | 0.2500 | 120 | 96
1.0000 | 0.000700 | 0.2500 | 90 | 196
1.0000 | 0.000700 | 0.2500 | 90 | 171
1.0000 | 0.000700 | 0.2500 | 90 | 146
1.0000 | 0.000700 | 0.3250 | 30 | 96
1.0000 | 0.000700 | 0.2500 | 60 | 171
1.0000 | 0.000700 | 0.2500 | 60 | 146
1.0000 | 0.000700 | 0.2500 | 60 | 121
1.0000 | 0.000700 | 0.2500 | 30 | 196
1.0000 | 0.000700 | 0.2500 | 30 | 171
1.0000 | 0.000700 | 0.2500 | 120 | 146
1.0000 | 0.000700 | 0.2500 | 30 | 96
1.0000 | 0.000700 | 0.1750 | 150 | 171
1.0000 | 0.000700 | 0.1750 | 150 | 146
1.0000 | 0.000700 | 0.2500 | 60 | 196
1.0000 | 0.000700 | 0.2500 | 30 | 121
1.0000 | 0.000250 | 0.1000 | 150 | 196
1.0000 | 0.000250 | 0.1000 | 150 | 171
1.0000 | 0.000250 | 0.1000 | 120 | 196
1.0000 | 0.000250 | 0.1750 | 60 | 196
1.0000 | 0.000250 | 0.1000 | 90 | 196
1.0000 | 0.000250 | 0.1000 | 90 | 146
1.0000 | 0.000250 | 0.1000 | 60 | 96
1.0000 | 0.000250 | 0.2500 | 120 | 96
1.0000 | 0.000250 | 0.2500 | 90 | 171
1.0000 | 0.000250 | 0.2500 | 90 | 146
1.0000 | 0.000250 | 0.2500 | 90 | 121
1.0000 | 0.000250 | 0.2500 | 90 | 96
1.0000 | 0.000250 | 0.2500 | 60 | 196
1.0000 | 0.000700 | 0.1750 | 60 | 196
1.0000 | 0.000700 | 0.1750 | 60 | 96
1.0000 | 0.000700 | 0.1750 | 30 | 196
1.0000 | 0.000700 | 0.1750 | 30 | 171
1.0000 | 0.000700 | 0.1750 | 120 | 171
1.0000 | 0.000700 | 0.1750 | 30 | 121
1.0000 | 0.000700 | 0.1750 | 30 | 96
1.0000 | 0.000700 | 0.1000 | 150 | 196
1.0000 | 0.000700 | 0.1000 | 150 | 171
1.0000 | 0.000700 | 0.1000 | 150 | 146
1.0000 | 0.000700 | 0.1000 | 150 | 121
1.0000 | 0.000700 | 0.1000 | 120 | 171
1.0000 | 0.000700 | 0.1000 | 120 | 146
1.0000 | 0.000700 | 0.2500 | 150 | 196
1.0000 | 0.000700 | 0.2500 | 150 | 146
1.0000 | 0.000700 | 0.2500 | 150 | 121
1.0000 | 0.000700 | 0.2500 | 150 | 96
1.0000 | 0.000700 | 0.2500 | 120 | 171
1.0000 | 0.000250 | 0.2500 | 60 | 121
1.0000 | 0.000250 | 0.2500 | 30 | 196
1.0000 | 0.000250 | 0.2500 | 30 | 171
1.0000 | 0.000250 | 0.2500 | 30 | 146
1.0000 | 0.000250 | 0.2500 | 30 | 121
1.0000 | 0.000250 | 0.1750 | 150 | 196
1.0000 | 0.000250 | 0.1750 | 150 | 146
1.0000 | 0.000250 | 0.1750 | 150 | 121
1.0000 | 0.000250 | 0.2500 | 30 | 96
1.0000 | 0.000250 | 0.3250 | 150 | 146
1.0000 | 0.000250 | 0.3250 | 150 | 121
1.0000 | 0.000250 | 0.3250 | 120 | 196
1.0000 | 0.000250 | 0.3250 | 120 | 121
1.0000 | 0.000700 | 0.1000 | 30 | 146
1.0000 | 0.000700 | 0.1000 | 30 | 121
1.0000 | 0.000700 | 0.1000 | 30 | 96
1.0000 | 0.000550 | 0.4000 | 150 | 196
1.0000 | 0.000550 | 0.4000 | 150 | 146
1.0000 | 0.000700 | 0.1000 | 90 | 121
1.0000 | 0.000550 | 0.4000 | 120 | 196
1.0000 | 0.000550 | 0.4000 | 120 | 121
1.0000 | 0.000550 | 0.4000 | 120 | 96
1.0000 | 0.000550 | 0.4000 | 90 | 196
1.0000 | 0.000550 | 0.4000 | 90 | 121
1.0000 | 0.000550 | 0.4000 | 60 | 196
1.0000 | 0.000550 | 0.4000 | 60 | 146
1.0000 | 0.000550 | 0.4000 | 60 | 121
1.0000 | 0.000550 | 0.4000 | 60 | 96
1.0000 | 0.000700 | 0.1750 | 120 | 146
1.0000 | 0.000700 | 0.1750 | 120 | 96
1.0000 | 0.000700 | 0.1750 | 90 | 196
1.0000 | 0.000700 | 0.1750 | 90 | 146
1.0000 | 0.000700 | 0.1750 | 90 | 121
1.0000 | 0.000550 | 0.4000 | 90 | 146
1.0000 | 0.000250 | 0.3250 | 90 | 171
1.0000 | 0.000250 | 0.3250 | 90 | 146
1.0000 | 0.000250 | 0.3250 | 60 | 196
1.0000 | 0.000250 | 0.3250 | 60 | 171
1.0000 | 0.000250 | 0.3250 | 60 | 121
1.0000 | 0.000250 | 0.3250 | 30 | 196
1.0000 | 0.000250 | 0.3250 | 30 | 171
1.0000 | 0.000250 | 0.3250 | 30 | 146
1.0000 | 0.000250 | 0.3250 | 30 | 121
1.0000 | 0.000250 | 0.3250 | 30 | 96
1.0000 | 0.000250 | 0.3250 | 120 | 96
1.0000 | 0.000250 | 0.2500 | 150 | 146
1.0000 | 0.000250 | 0.2500 | 150 | 121
1.0000 | 0.000250 | 0.2500 | 150 | 96
1.0000 | 0.000250 | 0.2500 | 120 | 196
1.0000 | 0.000250 | 0.2500 | 120 | 171
1.0000 | 0.000250 | 0.2500 | 120 | 146
1.0000 | 0.000250 | 0.3250 | 60 | 146
1.0000 | 0.000400 | 0.1000 | 30 | 196
1.0000 | 0.000400 | 0.1000 | 30 | 146
1.0000 | 0.000400 | 0.1000 | 30 | 121
1.0000 | 0.000250 | 0.4000 | 150 | 196
1.0000 | 0.000250 | 0.4000 | 150 | 171
1.0000 | 0.000550 | 0.3250 | 150 | 96
1.0000 | 0.000550 | 0.3250 | 120 | 146
1.0000 | 0.000550 | 0.3250 | 120 | 96
1.0000 | 0.000550 | 0.3250 | 90 | 196
1.0000 | 0.000550 | 0.4000 | 30 | 196
1.0000 | 0.000550 | 0.3250 | 90 | 121
1.0000 | 0.000550 | 0.3250 | 90 | 96
1.0000 | 0.000550 | 0.3250 | 60 | 171
1.0000 | 0.000550 | 0.3250 | 60 | 146
1.0000 | 0.000550 | 0.3250 | 60 | 121
1.0000 | 0.000550 | 0.3250 | 30 | 196
1.0000 | 0.000550 | 0.3250 | 30 | 171
1.0000 | 0.000550 | 0.3250 | 30 | 146
1.0000 | 0.000550 | 0.3250 | 30 | 121
1.0000 | 0.000550 | 0.3250 | 30 | 96
1.0000 | 0.000550 | 0.2500 | 150 | 196
1.0000 | 0.000550 | 0.2500 | 150 | 171
1.0000 | 0.000550 | 0.3250 | 90 | 171
1.0000 | 0.000700 | 0.1000 | 30 | 196
1.0000 | 0.000550 | 0.3250 | 60 | 96
1.0000 | 0.000550 | 0.2500 | 90 | 146
1.0000 | 0.000550 | 0.2500 | 90 | 121
1.0000 | 0.000550 | 0.2500 | 90 | 96
1.0000 | 0.000550 | 0.2500 | 60 | 146
1.0000 | 0.000550 | 0.2500 | 60 | 96
1.0000 | 0.000550 | 0.2500 | 30 | 196
1.0000 | 0.000550 | 0.2500 | 30 | 121
1.0000 | 0.000550 | 0.2500 | 30 | 96
1.0000 | 0.000550 | 0.1750 | 150 | 196
1.0000 | 0.000550 | 0.2500 | 90 | 196
1.0000 | 0.000550 | 0.1750 | 150 | 121
1.0000 | 0.000550 | 0.1750 | 150 | 96
1.0000 | 0.000550 | 0.1750 | 120 | 171
1.0000 | 0.000550 | 0.2500 | 60 | 121
1.0000 | 0.000550 | 0.4000 | 30 | 171
1.0000 | 0.000550 | 0.4000 | 30 | 146
1.0000 | 0.000550 | 0.4000 | 30 | 96
1.0000 | 0.000550 | 0.3250 | 150 | 196
1.0000 | 0.000550 | 0.3250 | 150 | 171
1.0000 | 0.000550 | 0.3250 | 150 | 146
1.0000 | 0.000250 | 0.4000 | 120 | 146
1.0000 | 0.000250 | 0.4000 | 120 | 121
1.0000 | 0.000250 | 0.4000 | 120 | 96
1.0000 | 0.000400 | 0.1000 | 60 | 96
1.0000 | 0.000250 | 0.4000 | 90 | 171
1.0000 | 0.000250 | 0.4000 | 90 | 146
1.0000 | 0.000250 | 0.4000 | 90 | 121
1.0000 | 0.000250 | 0.4000 | 60 | 196
1.0000 | 0.000250 | 0.4000 | 60 | 171
1.0000 | 0.000250 | 0.4000 | 150 | 146
1.0000 | 0.000250 | 0.4000 | 30 | 196
1.0000 | 0.000250 | 0.4000 | 30 | 146
1.0000 | 0.000250 | 0.4000 | 30 | 96
1.0000 | 0.000250 | 0.3250 | 150 | 196
1.0000 | 0.000250 | 0.4000 | 90 | 196
1.0000 | 0.000400 | 0.1750 | 60 | 171
1.0000 | 0.000400 | 0.1750 | 60 | 121
1.0000 | 0.000550 | 0.1750 | 60 | 96
1.0000 | 0.000550 | 0.1750 | 30 | 146
1.0000 | 0.000550 | 0.1750 | 30 | 121
1.0000 | 0.000550 | 0.1750 | 30 | 96
1.0000 | 0.000550 | 0.1750 | 120 | 96
1.0000 | 0.000550 | 0.1000 | 150 | 171
1.0000 | 0.000550 | 0.1000 | 150 | 146
1.0000 | 0.000550 | 0.1000 | 150 | 121
1.0000 | 0.000550 | 0.1750 | 60 | 146
1.0000 | 0.000550 | 0.1000 | 150 | 196
1.0000 | 0.000550 | 0.2500 | 150 | 96
1.0000 | 0.000550 | 0.2500 | 120 | 196
1.0000 | 0.000550 | 0.2500 | 120 | 146
1.0000 | 0.000550 | 0.2500 | 120 | 96
1.0000 | 0.000400 | 0.1750 | 30 | 171
1.0000 | 0.000400 | 0.1750 | 30 | 146
1.0000 | 0.000400 | 0.1000 | 150 | 146
1.0000 | 0.000400 | 0.1000 | 150 | 96
1.0000 | 0.000400 | 0.1000 | 120 | 146
1.0000 | 0.000400 | 0.1000 | 120 | 121
1.0000 | 0.000400 | 0.1000 | 90 | 121
1.0000 | 0.000400 | 0.1000 | 60 | 196
1.0000 | 0.000400 | 0.1000 | 60 | 146
1.0000 | 0.000400 | 0.1000 | 60 | 121
1.0000 | 0.000400 | 0.1000 | 150 | 121
1.0000 | 0.000400 | 0.2500 | 120 | 171
1.0000 | 0.000400 | 0.2500 | 120 | 146
1.0000 | 0.000400 | 0.2500 | 120 | 121
1.0000 | 0.000400 | 0.2500 | 120 | 96
1.0000 | 0.000400 | 0.2500 | 90 | 146
1.0000 | 0.000400 | 0.1000 | 90 | 171
1.0000 | 0.000400 | 0.4000 | 150 | 171
1.0000 | 0.000400 | 0.4000 | 150 | 146
1.0000 | 0.000400 | 0.4000 | 150 | 121
1.0000 | 0.000400 | 0.4000 | 150 | 96
1.0000 | 0.000400 | 0.4000 | 120 | 196
1.0000 | 0.000400 | 0.4000 | 120 | 171
1.0000 | 0.000400 | 0.4000 | 120 | 121
1.0000 | 0.000400 | 0.4000 | 120 | 96
1.0000 | 0.000400 | 0.4000 | 90 | 121
1.0000 | 0.000550 | 0.1000 | 30 | 96
1.0000 | 0.000400 | 0.4000 | 60 | 171
1.0000 | 0.000400 | 0.4000 | 60 | 121
1.0000 | 0.000400 | 0.4000 | 30 | 171
1.0000 | 0.000400 | 0.4000 | 30 | 146
1.0000 | 0.000400 | 0.4000 | 120 | 146
1.0000 | 0.000550 | 0.1750 | 90 | 196
1.0000 | 0.000550 | 0.1750 | 90 | 171
1.0000 | 0.000550 | 0.1750 | 90 | 146
1.0000 | 0.000550 | 0.1750 | 90 | 121
1.0000 | 0.000550 | 0.1750 | 90 | 96
1.0000 | 0.000550 | 0.1750 | 60 | 171
1.0000 | 0.000400 | 0.4000 | 60 | 196
1.0000 | 0.000400 | 0.2500 | 60 | 171
1.0000 | 0.000400 | 0.2500 | 30 | 196
1.0000 | 0.000400 | 0.2500 | 120 | 196
1.0000 | 0.000400 | 0.2500 | 30 | 146
1.0000 | 0.000400 | 0.2500 | 30 | 96
1.0000 | 0.000400 | 0.1750 | 150 | 196
1.0000 | 0.000400 | 0.1750 | 150 | 146
1.0000 | 0.000400 | 0.1750 | 150 | 121
1.0000 | 0.000400 | 0.2500 | 90 | 121
1.0000 | 0.000400 | 0.1750 | 120 | 196
1.0000 | 0.000400 | 0.1750 | 120 | 146
1.0000 | 0.000400 | 0.1750 | 120 | 96
1.0000 | 0.000400 | 0.1750 | 90 | 196
1.0000 | 0.000400 | 0.2500 | 30 | 171
1.0000 | 0.000400 | 0.3250 | 150 | 171
1.0000 | 0.000400 | 0.3250 | 150 | 146
1.0000 | 0.000400 | 0.3250 | 150 | 121
1.0000 | 0.000400 | 0.3250 | 120 | 196
1.0000 | 0.000400 | 0.3250 | 120 | 146
1.0000 | 0.000400 | 0.3250 | 120 | 121
1.0000 | 0.000400 | 0.3250 | 120 | 96
1.0000 | 0.000400 | 0.3250 | 90 | 196
1.0000 | 0.000400 | 0.3250 | 90 | 146
1.0000 | 0.000400 | 0.3250 | 90 | 121
1.0000 | 0.000400 | 0.4000 | 30 | 121
1.0000 | 0.000400 | 0.3250 | 60 | 171
1.0000 | 0.000400 | 0.3250 | 60 | 146
1.0000 | 0.000400 | 0.3250 | 60 | 121
1.0000 | 0.000400 | 0.3250 | 60 | 96
1.0000 | 0.000400 | 0.3250 | 30 | 171
1.0000 | 0.000400 | 0.3250 | 120 | 171
1.0000 | 0.000400 | 0.3250 | 30 | 121
1.0000 | 0.000400 | 0.3250 | 30 | 96
1.0000 | 0.000400 | 0.2500 | 150 | 196
1.0000 | 0.000400 | 0.2500 | 150 | 171
1.0000 | 0.000400 | 0.2500 | 150 | 121
1.0000 | 0.000400 | 0.2500 | 150 | 96
1.0000 | 0.000400 | 0.3250 | 90 | 96
1.0000 | 0.000550 | 0.1000 | 60 | 146
1.0000 | 0.000550 | 0.1000 | 60 | 96
1.0000 | 0.000550 | 0.1000 | 30 | 196
1.0000 | 0.000550 | 0.1000 | 30 | 171
1.0000 | 0.000550 | 0.1000 | 30 | 146
1.0000 | 0.000400 | 0.3250 | 30 | 146
1.0000 | 0.000700 | 0.3250 | 150 | 171
1.0000 | 0.000700 | 0.3250 | 150 | 121
1.0000 | 0.000700 | 0.3250 | 120 | 171
1.0000 | 0.000700 | 0.3250 | 120 | 146
1.0000 | 0.000700 | 0.4000 | 120 | 121
1.0000 | 0.000700 | 0.3250 | 90 | 171
1.0000 | 0.000700 | 0.3250 | 90 | 121
1.0000 | 0.000700 | 0.3250 | 90 | 96
1.0000 | 0.000700 | 0.3250 | 60 | 146
1.0000 | 0.000700 | 0.3250 | 60 | 121
1.0000 | 0.000700 | 0.3250 | 60 | 96
1.0000 | 0.000700 | 0.3250 | 30 | 171
1.0000 | 0.000700 | 0.3250 | 30 | 146
1.0000 | 0.000700 | 0.3250 | 30 | 121
1.0000 | 0.000700 | 0.3250 | 60 | 171
1.0000 | 0.000700 | 0.4000 | 90 | 146
1.0000 | 0.000700 | 0.4000 | 90 | 121
1.0000 | 0.000700 | 0.4000 | 60 | 196
0.9800 | 0.000250 | 0.1750 | 90 | 146
0.9800 | 0.000700 | 0.1000 | 90 | 146
0.9800 | 0.000400 | 0.3250 | 150 | 196
0.9800 | 0.000250 | 0.3250 | 90 | 96
0.9800 | 0.000250 | 0.3250 | 90 | 196
0.9800 | 0.000550 | 0.4000 | 150 | 121
0.9600 | 0.000550 | 0.3250 | 60 | 196
0.9600 | 0.000550 | 0.1000 | 120 | 171
0.9600 | 0.000400 | 0.4000 | 30 | 96
0.9600 | 0.000700 | 0.2500 | 90 | 121
0.9600 | 0.000700 | 0.4000 | 30 | 121
0.9600 | 0.000700 | 0.1000 | 90 | 96
0.9400 | 0.000250 | 0.1750 | 150 | 96
0.9400 | 0.000250 | 0.2500 | 60 | 171
0.9400 | 0.000700 | 0.1750 | 60 | 146
0.9400 | 0.000700 | 0.1000 | 60 | 146
0.9200 | 0.000550 | 0.3250 | 90 | 146
0.9200 | 0.000250 | 0.4000 | 30 | 171
0.9200 | 0.000400 | 0.1000 | 150 | 171
0.9200 | 0.000400 | 0.2500 | 60 | 96
0.9200 | 0.000250 | 0.3250 | 150 | 171
0.9200 | 0.000400 | 0.3250 | 150 | 96
0.9200 | 0.000400 | 0.2500 | 60 | 196
0.9000 | 0.000550 | 0.1750 | 120 | 121
0.9000 | 0.000550 | 0.1000 | 90 | 196
0.9000 | 0.000700 | 0.2500 | 60 | 96
0.9000 | 0.000550 | 0.2500 | 90 | 171
0.8800 | 0.000400 | 0.1000 | 60 | 171
0.8800 | 0.000700 | 0.4000 | 90 | 196
0.8800 | 0.000700 | 0.1750 | 90 | 171
0.8800 | 0.000700 | 0.1000 | 90 | 196
0.8800 | 0.000250 | 0.2500 | 60 | 146
0.8600 | 0.000700 | 0.4000 | 120 | 146
0.8600 | 0.000250 | 0.4000 | 150 | 121
0.8400 | 0.000400 | 0.4000 | 30 | 196
0.8400 | 0.000700 | 0.1000 | 120 | 121
0.8200 | 0.000700 | 0.3250 | 90 | 196
0.8200 | 0.000550 | 0.1000 | 60 | 171
0.8200 | 0.000250 | 0.3250 | 60 | 96
0.8000 | 0.000250 | 0.4000 | 120 | 171
0.8000 | 0.000700 | 0.4000 | 90 | 96
0.8000 | 0.000550 | 0.1000 | 120 | 121
0.7800 | 0.000250 | 0.4000 | 120 | 196
0.7800 | 0.000400 | 0.1000 | 150 | 196
0.7600 | 0.000700 | 0.1000 | 60 | 196
0.7600 | 0.000400 | 0.4000 | 150 | 196
0.7400 | 0.000250 | 0.1000 | 120 | 146
0.7400 | 0.000250 | 0.1750 | 120 | 96
0.7400 | 0.000250 | 0.1750 | 90 | 171
0.7400 | 0.000250 | 0.4000 | 60 | 96
0.7000 | 0.000250 | 0.4000 | 90 | 96
0.7000 | 0.000400 | 0.4000 | 60 | 96
0.6600 | 0.000400 | 0.1000 | 120 | 171
0.6600 | 0.000250 | 0.3250 | 120 | 146
0.6600 | 0.000700 | 0.2500 | 120 | 121
0.6600 | 0.000250 | 0.1750 | 150 | 171
0.6400 | 0.000700 | 0.1750 | 90 | 96
0.6400 | 0.000700 | 0.1750 | 30 | 146
0.6400 | 0.000250 | 0.1000 | 90 | 96
0.6400 | 0.000400 | 0.1750 | 30 | 96
0.6200 | 0.000250 | 0.3250 | 90 | 121
0.6200 | 0.000250 | 0.3250 | 150 | 96
0.6200 | 0.000400 | 0.1750 | 60 | 146
0.6200 | 0.000400 | 0.4000 | 90 | 96
0.6000 | 0.000700 | 0.4000 | 150 | 146
0.5600 | 0.000250 | 0.1000 | 90 | 171
0.5600 | 0.000250 | 0.1000 | 150 | 121
0.5200 | 0.000550 | 0.3250 | 150 | 121
0.4800 | 0.000250 | 0.4000 | 30 | 121
0.4600 | 0.000250 | 0.1750 | 60 | 121
0.4200 | 0.000700 | 0.1000 | 30 | 171
0.4200 | 0.000400 | 0.1750 | 90 | 121
0.4000 | 0.000250 | 0.4000 | 60 | 146
0.4000 | 0.000400 | 0.4000 | 60 | 146
0.3600 | 0.000250 | 0.2500 | 60 | 96
0.3400 | 0.000400 | 0.4000 | 90 | 196
0.3400 | 0.000700 | 0.1000 | 60 | 121
0.3000 | 0.000550 | 0.1000 | 90 | 121
0.3000 | 0.000250 | 0.1750 | 120 | 196
0.2800 | 0.000700 | 0.1750 | 60 | 121
0.2800 | 0.000700 | 0.1000 | 90 | 171
0.2400 | 0.000250 | 0.1750 | 120 | 146
0.2400 | 0.000550 | 0.1750 | 30 | 171
0.1800 | 0.000400 | 0.4000 | 90 | 171
0.1600 | 0.000550 | 0.1750 | 120 | 196
0.1600 | 0.000550 | 0.1000 | 90 | 171
0.1400 | 0.000250 | 0.3250 | 120 | 171
0.1200 | 0.000700 | 0.4000 | 150 | 121
0.1200 | 0.000400 | 0.2500 | 90 | 171
0.1200 | 0.000400 | 0.1750 | 60 | 196
0.1000 | 0.000700 | 0.3250 | 120 | 196
0.1000 | 0.000550 | 0.4000 | 150 | 171
0.1000 | 0.000400 | 0.3250 | 60 | 196
0.1000 | 0.000550 | 0.2500 | 150 | 121
0.0800 | 0.000700 | 0.3250 | 120 | 121
0.0600 | 0.000700 | 0.2500 | 120 | 196
0.0600 | 0.000400 | 0.3250 | 30 | 196
0.0600 | 0.000550 | 0.4000 | 30 | 121
0.0400 | 0.000250 | 0.1750 | 60 | 96
0.0400 | 0.000700 | 0.1000 | 150 | 96
0.0400 | 0.000400 | 0.1750 | 150 | 171
0.0200 | 0.000100 | 0.4000 | 150 | 196
0.0200 | 0.000400 | 0.2500 | 60 | 146
0.0200 | 0.000550 | 0.1000 | 90 | 146
0.0200 | 0.000400 | 0.3250 | 90 | 171
0.0200 | 0.000550 | 0.3250 | 120 | 196
0.0200 | 0.000550 | 0.4000 | 120 | 171
0.0000 | 0.000100 | 0.1000 | 30 | 96
0.0000 | 0.000700 | 0.4000 | 120 | 96
0.0000 | 0.000700 | 0.4000 | 90 | 171
0.0000 | 0.000100 | 0.1750 | 90 | 196
0.0000 | 0.000100 | 0.1750 | 90 | 171
0.0000 | 0.000100 | 0.1750 | 90 | 146
0.0000 | 0.000100 | 0.1750 | 90 | 121
0.0000 | 0.000100 | 0.1750 | 90 | 96
0.0000 | 0.000100 | 0.1750 | 60 | 196
0.0000 | 0.000100 | 0.1750 | 60 | 171
0.0000 | 0.000100 | 0.1750 | 60 | 146
0.0000 | 0.000100 | 0.1750 | 150 | 146
0.0000 | 0.000100 | 0.3250 | 150 | 96
0.0000 | 0.000100 | 0.3250 | 120 | 196
0.0000 | 0.000100 | 0.3250 | 120 | 171
0.0000 | 0.000100 | 0.3250 | 120 | 146
0.0000 | 0.000100 | 0.3250 | 120 | 121
0.0000 | 0.000100 | 0.3250 | 120 | 96
0.0000 | 0.000100 | 0.3250 | 90 | 196
0.0000 | 0.000100 | 0.3250 | 90 | 171
0.0000 | 0.000100 | 0.3250 | 90 | 146
0.0000 | 0.000100 | 0.3250 | 90 | 121
0.0000 | 0.000100 | 0.3250 | 90 | 96
0.0000 | 0.000100 | 0.3250 | 60 | 196
0.0000 | 0.000100 | 0.3250 | 60 | 171
0.0000 | 0.000100 | 0.3250 | 60 | 146
0.0000 | 0.000100 | 0.3250 | 60 | 121
0.0000 | 0.000100 | 0.3250 | 60 | 96
0.0000 | 0.000100 | 0.3250 | 30 | 196
0.0000 | 0.000100 | 0.3250 | 30 | 171
0.0000 | 0.000100 | 0.1000 | 90 | 171
0.0000 | 0.000100 | 0.1000 | 90 | 146
0.0000 | 0.000100 | 0.1000 | 90 | 121
0.0000 | 0.000100 | 0.1000 | 90 | 96
0.0000 | 0.000100 | 0.1000 | 60 | 196
0.0000 | 0.000100 | 0.1000 | 60 | 171
0.0000 | 0.000100 | 0.1000 | 60 | 146
0.0000 | 0.000100 | 0.1000 | 60 | 121
0.0000 | 0.000100 | 0.1000 | 60 | 96
0.0000 | 0.000100 | 0.1000 | 30 | 196
0.0000 | 0.000100 | 0.1000 | 30 | 171
0.0000 | 0.000100 | 0.1000 | 30 | 146
0.0000 | 0.000100 | 0.1000 | 30 | 121
0.0000 | 0.000700 | 0.4000 | 60 | 171
0.0000 | 0.000700 | 0.3250 | 120 | 96
0.0000 | 0.000700 | 0.3250 | 90 | 146
0.0000 | 0.000700 | 0.3250 | 60 | 196
0.0000 | 0.000700 | 0.3250 | 150 | 196
0.0000 | 0.000700 | 0.3250 | 150 | 146
0.0000 | 0.000700 | 0.3250 | 150 | 96
0.0000 | 0.000100 | 0.1750 | 30 | 196
0.0000 | 0.000100 | 0.1750 | 30 | 171
0.0000 | 0.000100 | 0.1750 | 30 | 146
0.0000 | 0.000100 | 0.1750 | 30 | 121
0.0000 | 0.000100 | 0.1750 | 30 | 96
0.0000 | 0.000100 | 0.1000 | 150 | 196
0.0000 | 0.000700 | 0.3250 | 30 | 196
0.0000 | 0.000100 | 0.2500 | 30 | 171
0.0000 | 0.000100 | 0.2500 | 30 | 146
0.0000 | 0.000250 | 0.4000 | 150 | 96
0.0000 | 0.000550 | 0.1750 | 150 | 171
0.0000 | 0.000400 | 0.1750 | 90 | 96
0.0000 | 0.000400 | 0.1750 | 60 | 96
0.0000 | 0.000250 | 0.4000 | 60 | 121
0.0000 | 0.000250 | 0.1750 | 120 | 121
0.0000 | 0.000550 | 0.4000 | 90 | 96
0.0000 | 0.000550 | 0.4000 | 60 | 171
0.0000 | 0.000550 | 0.4000 | 150 | 96
0.0000 | 0.000550 | 0.4000 | 120 | 146
0.0000 | 0.000550 | 0.4000 | 90 | 171
0.0000 | 0.000250 | 0.2500 | 150 | 196
0.0000 | 0.000250 | 0.2500 | 150 | 171
0.0000 | 0.000400 | 0.1750 | 90 | 146
0.0000 | 0.000550 | 0.2500 | 120 | 171
0.0000 | 0.000550 | 0.2500 | 120 | 121
0.0000 | 0.000400 | 0.1000 | 90 | 146
0.0000 | 0.000400 | 0.1000 | 90 | 96
0.0000 | 0.000400 | 0.1000 | 120 | 196
0.0000 | 0.000400 | 0.1000 | 120 | 96
0.0000 | 0.000400 | 0.1000 | 90 | 196
0.0000 | 0.000400 | 0.1750 | 30 | 196
0.0000 | 0.000550 | 0.2500 | 60 | 171
0.0000 | 0.000550 | 0.2500 | 150 | 146
0.0000 | 0.000700 | 0.1000 | 60 | 171
0.0000 | 0.000700 | 0.1000 | 60 | 96
0.0000 | 0.000550 | 0.1750 | 150 | 146
0.0000 | 0.000550 | 0.1750 | 120 | 146
0.0000 | 0.000550 | 0.2500 | 30 | 171
0.0000 | 0.000550 | 0.2500 | 30 | 146
0.0000 | 0.000550 | 0.2500 | 60 | 196
0.0000 | 0.000700 | 0.1750 | 120 | 121
0.0000 | 0.000550 | 0.3250 | 120 | 171
0.0000 | 0.000550 | 0.3250 | 120 | 121
0.0000 | 0.000400 | 0.1000 | 30 | 171
0.0000 | 0.000400 | 0.1000 | 30 | 96
0.0000 | 0.000700 | 0.1750 | 60 | 171
0.0000 | 0.000250 | 0.2500 | 90 | 196
0.0000 | 0.000250 | 0.1000 | 60 | 196
0.0000 | 0.000250 | 0.1000 | 60 | 171
0.0000 | 0.000250 | 0.1000 | 60 | 146
0.0000 | 0.000700 | 0.1000 | 120 | 96
0.0000 | 0.000250 | 0.1750 | 120 | 171
0.0000 | 0.000400 | 0.1750 | 120 | 171
0.0000 | 0.000400 | 0.1750 | 120 | 121
0.0000 | 0.000400 | 0.1750 | 90 | 171
0.0000 | 0.000400 | 0.2500 | 30 | 121
0.0000 | 0.000400 | 0.2500 | 90 | 96
0.0000 | 0.000550 | 0.1000 | 60 | 121
0.0000 | 0.000550 | 0.1000 | 30 | 121
0.0000 | 0.000400 | 0.2500 | 150 | 146
0.0000 | 0.000550 | 0.1000 | 150 | 96
0.0000 | 0.000550 | 0.1000 | 120 | 196
0.0000 | 0.000550 | 0.1000 | 120 | 146
0.0000 | 0.000550 | 0.1750 | 60 | 121
0.0000 | 0.000550 | 0.1750 | 30 | 196
0.0000 | 0.000550 | 0.1000 | 120 | 96
0.0000 | 0.000550 | 0.1000 | 90 | 96
0.0000 | 0.000550 | 0.1000 | 60 | 196
0.0000 | 0.000400 | 0.1750 | 30 | 121
0.0000 | 0.000250 | 0.2500 | 120 | 121
0.0000 | 0.000700 | 0.2500 | 150 | 171
0.0000 | 0.000700 | 0.1000 | 120 | 196
0.0000 | 0.000250 | 0.1750 | 90 | 196
0.0000 | 0.000250 | 0.1750 | 90 | 121
0.0000 | 0.000250 | 0.1750 | 90 | 96
0.0000 | 0.000700 | 0.1750 | 120 | 196
0.0000 | 0.000700 | 0.2500 | 30 | 146
0.0000 | 0.000700 | 0.2500 | 90 | 96
0.0000 | 0.000100 | 0.2500 | 90 | 96
0.0000 | 0.000100 | 0.2500 | 60 | 196
0.0000 | 0.000100 | 0.2500 | 60 | 171
0.0000 | 0.000100 | 0.2500 | 60 | 146
0.0000 | 0.000100 | 0.2500 | 60 | 121
0.0000 | 0.000700 | 0.1750 | 150 | 196
0.0000 | 0.000700 | 0.1750 | 150 | 121
0.0000 | 0.000700 | 0.1750 | 150 | 96
0.0000 | 0.000250 | 0.1000 | 90 | 121
0.0000 | 0.000250 | 0.1750 | 30 | 121
0.0000 | 0.000250 | 0.1750 | 30 | 96
0.0000 | 0.000250 | 0.1000 | 150 | 146
0.0000 | 0.000250 | 0.1000 | 150 | 96
0.0000 | 0.000100 | 0.2500 | 90 | 146
0.0000 | 0.000100 | 0.2500 | 90 | 121
0.0000 | 0.000250 | 0.1000 | 60 | 121
0.0000 | 0.000250 | 0.1000 | 30 | 196
0.0000 | 0.000250 | 0.1000 | 30 | 171
0.0000 | 0.000250 | 0.1000 | 120 | 171
0.0000 | 0.000250 | 0.1000 | 120 | 121
0.0000 | 0.000250 | 0.1000 | 120 | 96
0.0000 | 0.000100 | 0.4000 | 90 | 146
0.0000 | 0.000250 | 0.1000 | 30 | 121
0.0000 | 0.000250 | 0.1000 | 30 | 96
0.0000 | 0.000100 | 0.4000 | 150 | 171
0.0000 | 0.000100 | 0.4000 | 150 | 146
0.0000 | 0.000100 | 0.4000 | 150 | 121
0.0000 | 0.000100 | 0.4000 | 150 | 96
0.0000 | 0.000100 | 0.4000 | 30 | 196
0.0000 | 0.000100 | 0.4000 | 120 | 196
0.0000 | 0.000100 | 0.4000 | 120 | 171
0.0000 | 0.000100 | 0.4000 | 120 | 146
0.0000 | 0.000100 | 0.4000 | 120 | 121
0.0000 | 0.000100 | 0.4000 | 120 | 96
0.0000 | 0.000100 | 0.4000 | 90 | 196
0.0000 | 0.000100 | 0.4000 | 90 | 171
0.0000 | 0.000100 | 0.3250 | 150 | 121
0.0000 | 0.000100 | 0.4000 | 90 | 121
0.0000 | 0.000100 | 0.3250 | 30 | 146
0.0000 | 0.000100 | 0.3250 | 30 | 121
0.0000 | 0.000100 | 0.3250 | 30 | 96
0.0000 | 0.000100 | 0.2500 | 150 | 196
0.0000 | 0.000100 | 0.2500 | 150 | 171
0.0000 | 0.000100 | 0.2500 | 150 | 146
0.0000 | 0.000100 | 0.2500 | 150 | 121
0.0000 | 0.000100 | 0.2500 | 150 | 96
0.0000 | 0.000100 | 0.2500 | 120 | 196
0.0000 | 0.000100 | 0.2500 | 120 | 171
0.0000 | 0.000100 | 0.2500 | 120 | 146
0.0000 | 0.000100 | 0.2500 | 120 | 121
0.0000 | 0.000100 | 0.2500 | 120 | 96
0.0000 | 0.000100 | 0.2500 | 90 | 196
0.0000 | 0.000400 | 0.4000 | 90 | 146
0.0000 | 0.000400 | 0.2500 | 90 | 196
0.0000 | 0.000400 | 0.2500 | 60 | 121
0.0000 | 0.000550 | 0.1750 | 60 | 196
0.0000 | 0.000400 | 0.1750 | 150 | 96
0.0000 | 0.000100 | 0.4000 | 90 | 96
0.0000 | 0.000100 | 0.4000 | 60 | 196
0.0000 | 0.000100 | 0.4000 | 60 | 171
0.0000 | 0.000100 | 0.4000 | 60 | 146
0.0000 | 0.000100 | 0.4000 | 60 | 121
0.0000 | 0.000100 | 0.4000 | 60 | 96
0.0000 | 0.000250 | 0.1750 | 30 | 196
0.0000 | 0.000100 | 0.4000 | 30 | 171
0.0000 | 0.000100 | 0.4000 | 30 | 146
0.0000 | 0.000100 | 0.4000 | 30 | 121
0.0000 | 0.000100 | 0.4000 | 30 | 96
0.0000 | 0.000100 | 0.3250 | 150 | 196
0.0000 | 0.000100 | 0.3250 | 150 | 171
0.0000 | 0.000100 | 0.3250 | 150 | 146
0.0000 | 0.000100 | 0.1750 | 60 | 121
0.0000 | 0.000700 | 0.4000 | 30 | 171
0.0000 | 0.000700 | 0.4000 | 150 | 196
0.0000 | 0.000100 | 0.1750 | 150 | 121
0.0000 | 0.000100 | 0.1000 | 150 | 171
0.0000 | 0.000100 | 0.1000 | 150 | 146
0.0000 | 0.000100 | 0.1000 | 150 | 121
0.0000 | 0.000100 | 0.1000 | 150 | 96
0.0000 | 0.000100 | 0.1000 | 120 | 196
0.0000 | 0.000100 | 0.1000 | 120 | 171
0.0000 | 0.000100 | 0.1000 | 120 | 146
0.0000 | 0.000100 | 0.1000 | 120 | 121
0.0000 | 0.000100 | 0.1000 | 120 | 96
0.0000 | 0.000100 | 0.1000 | 90 | 196
0.0000 | 0.000100 | 0.2500 | 30 | 121
0.0000 | 0.000100 | 0.2500 | 30 | 96
0.0000 | 0.000100 | 0.1750 | 150 | 196
0.0000 | 0.000100 | 0.1750 | 150 | 171
0.0000 | 0.000100 | 0.2500 | 90 | 171
0.0000 | 0.000100 | 0.1750 | 60 | 96
0.0000 | 0.000100 | 0.1750 | 150 | 96
0.0000 | 0.000100 | 0.1750 | 120 | 196
0.0000 | 0.000100 | 0.1750 | 120 | 171
0.0000 | 0.000100 | 0.1750 | 120 | 146
0.0000 | 0.000100 | 0.1750 | 120 | 121
0.0000 | 0.000100 | 0.1750 | 120 | 96
0.0000 | 0.000100 | 0.2500 | 60 | 96
0.0000 | 0.000100 | 0.2500 | 30 | 196
